Modelo: TensorFlow Lite Quantizado (INT8)
Arquivo: models/final_model_quant.tflite
Acurácia Geral do Modelo: 99.7840%
Total de amostras processadas: 10650
======================================================================
              precision    recall  f1-score   support

           0     1.0000    1.0000    1.0000       309
           1     1.0000    1.0000    1.0000       309
           2     0.9968    0.9968    0.9968       309
           3     1.0000    0.9935    0.9968       309
           4     0.9968    0.9935    0.9951       309
           5     0.9968    1.0000    0.9984       309
           6     0.9968    1.0000    0.9984       309
           7     0.9902    0.9838    0.9870       309
           8     0.9872    0.9968    0.9919       309
           9     1.0000    1.0000    1.0000       309
           A     1.0000    1.0000    1.0000       303
           B     0.9967    0.9871    0.9919       309
           C     1.0000    1.0000    1.0000       306
           D     0.9967    0.9967    0.9967       303
           E     1.0000    0.9967    0.9983       303
           F     1.0000    1.0000    1.0000       306
           G     1.0000    1.0000    1.0000       306
           H     1.0000    1.0000    1.0000       306
           I     1.0000    0.9967    0.9983       303
           J     0.9903    0.9903    0.9903       309
           K     1.0000    1.0000    1.0000       303
           L     0.9967    1.0000    0.9984       303
           M     1.0000    1.0000    1.0000       306
           N     1.0000    1.0000    1.0000       306
           P     1.0000    1.0000    1.0000       303
           Q     1.0000    0.9967    0.9983       303
           R     1.0000    1.0000    1.0000       306
           S     1.0000    1.0000    1.0000       306
           T     0.9935    0.9967    0.9951       306
           U     1.0000    1.0000    1.0000       303
           V     1.0000    1.0000    1.0000       309
           W     1.0000    1.0000    1.0000       303
           X     0.9967    1.0000    0.9984       303
           Y     0.9967    1.0000    0.9984       303
           Z     0.9918    1.0000    0.9959       243

    accuracy                         0.9978     10650
   macro avg     0.9978    0.9979    0.9978     10650
weighted avg     0.9978    0.9978    0.9978     10650
